36.2966185104599
27.105756157365
30.555272094335
25.6188539700066
17.963684551163
20.8091385459938
20.2238442655309
35.7200975847996
40.0516659346496
24.0144542216751
29.1514494922333
24.4904949443811
26.4398931595072
25.1322562513602
25.6188539700066
19.5036100540719
18.5165571285059
20.2238442655309
33.8306838758811
17.963684551163
20.0787851687159
17.284019324762
16.0926593702668
17.8267355056424
17.963684551163
17.963684551163
17.0157109373731
17.0157109373731
17.6902943392883
17.8267355056424
24.8103701711662
20.9567260316673
19.3610821623856
19.7901851300199
17.284019324762
21.2534169268839
22.767161566216
19.3610821623856
28.8054941382461
26.7718215949809
22.6135171165935
18.5165571285059
18.9365384527054
18.9365384527054
18.7960375907107
22.767161566216
17.6902943392883
22.6135171165935
17.8267355056424
18.2391057994263
23.2311188023189
21.5521283223972
22.9213100671018
19.3610821623856
19.5036100540719
19.6466444147645
17.6902943392883
16.4851984897741
18.9365384527054
22.1556091329871
17.8267355056424
19.5036100540719
16.4851984897741
17.5543611727995
20.2238442655309
17.963684551163
18.656043776894
18.5165571285059
19.0775462461047
18.9365384527054
18.377577763278
17.8267355056424
19.9342320858494
19.6466444147645
18.1011413556555
17.0157109373731
17.963684551163
17.4189361273838
19.6466444147645
20.2238442655309
21.4025201167581
21.4025201167581
18.377577763278
16.4851984897741
18.656043776894
19.2190608546084
19.6466444147645
19.3610821623856
20.515480050871
19.7901851300199
18.7960375907107
18.7960375907107
17.284019324762
19.0775462461047
18.2391057994263
17.5543611727995
19.9342320858494
18.2391057994263
18.7960375907107
17.5543611727995
19.0775462461047
21.4025201167581
20.3694092636501
22.6135171165935
20.0787851687159
19.6466444147645
18.1011413556555
17.8267355056424
18.7960375907107
19.2190608546084
23.2311188023189
21.4025201167581
18.9365384527054
18.656043776894
18.656043776894
18.7960375907107
20.6620565154288
21.1048188619791
21.8528593462252
24.6501811507815
22.1556091329871
18.2391057994263
19.0775462461047
18.7960375907107
19.3610821623856
19.5036100540719
18.5165571285059
19.7901851300199
22.3077407938177
21.5521283223972
27.7796405921076
29.4994056966062
26.4398931595072
27.105756157365
15.5764073283119
27.949364334826
24.3313116530436
18.7960375907107
24.1726313782078
27.2734754956384
18.9365384527054
18.656043776894
18.7960375907107
18.377577763278
21.7022414350117
20.515480050871
18.9365384527054
20.0787851687159
19.3610821623856
18.656043776894
30.3780451218768
20.6620565154288
16.6170632502314
22.4603768238061
23.8567802856123
32.5377152597016
30.2013177247213
25.782057771508
30.0250899930256
29.4994056966062
30.3780451218768
20.6620565154288
16.6170632502314
22.4603768238061
23.8567802856123
32.5377152597016
30.2013177247213
25.782057771508
30.0250899930256
29.4994056966062
26.6056065631148
20.3694092636501
19.2190608546084
20.0787851687159
20.3694092636501
23.3867788274415
29.4994056966062
28.290314319449
25.4561523834447
25.1322562513602
22.6135171165935
23.2311188023189
22.767161566216
22.4603768238061
17.284019324762
22.6135171165935
21.7022414350117
21.2534169268839
19.0775462461047
18.7960375907107
18.9365384527054
18.5165571285059
22.767161566216
20.0787851687159
23.0759625140682
19.3610821623856
20.3694092636501
23.0759625140682
21.5521283223972
19.3610821623856
21.1048188619791
18.656043776894
21.7022414350117
21.1048188619791
25.9457636893239
23.5429424854042
23.2311188023189
26.7718215949809
28.6332670108706
31.0899495662399
23.5429424854042
20.8091385459938
24.6501811507815
28.978221662872
31.4488974506194
32.7209302060872
21.1048188619791
18.5165571285059
26.7718215949809
27.949364334826
42.0998627689378
33.8306838758811
30.911224405961
27.105756157365
25.782057771508
28.8054941382461
22.767161566216
18.656043776894
25.2939531107912
35.148050368298
42.0998627689378
33.8306838758811
30.911224405961
27.105756157365
25.782057771508
28.8054941382461
22.767161566216
18.656043776894
25.2939531107912
35.148050368298
27.949364334826
23.5429424854042
19.9342320858494
17.4189361273838
22.3077407938177
28.8054941382461
30.555272094335
29.8493620172354
24.4904949443811
28.290314319449
21.1048188619791
20.8091385459938
20.6620565154288
20.3694092636501
19.0775462461047
21.7022414350117
18.377577763278
18.1011413556555
22.0039819480705
22.3077407938177
33.0888552986754
22.0039819480705
23.3867788274415
22.0039819480705
22.9213100671018
21.4025201167581
22.4603768238061
26.9385381584926
28.4615403735638
21.4025201167581
19.7901851300199
18.5165571285059
18.656043776894
19.0775462461047
20.515480050871
18.7960375907107
18.377577763278
18.9365384527054
19.7901851300199
19.9342320858494
18.2391057994263
21.4025201167581
19.5036100540719
20.8091385459938
24.9710619048143
24.1726313782078
19.7901851300199
24.0144542216751
22.3077407938177
24.0144542216751
30.555272094335
24.3313116530436
18.5165571285059
25.6188539700066
20.2238442655309
23.5429424854042
25.1322562513602
25.9457636893239
21.1048188619791
22.4603768238061
24.1726313782078
24.6501811507815
24.3313116530436
19.2190608546084
20.3694092636501
18.7960375907107
26.10997162517
27.610417808165
29.3251775341162
24.9710619048143
30.732998552225
28.290314319449
20.9567260316673
20.515480050871
23.5429424854042
23.8567802856123
30.911224405961
33.2735652725399
29.3251775341162
20.6620565154288
21.5521283223972
19.5036100540719
20.6620565154288
18.656043776894
20.9567260316673
21.5521283223972
19.5036100540719
20.8091385459938
18.2391057994263
20.8091385459938
21.4025201167581
22.6135171165935
23.0759625140682
21.4025201167581
32.9046435811786
23.2311188023189
23.6996096725537
22.6135171165935
24.8103701711662
22.6135171165935
19.7901851300199
21.1048188619791
19.5036100540719
19.0775462461047
18.9365384527054
19.3610821623856
19.0775462461047
19.0775462461047
19.0775462461047
20.515480050871
20.515480050871
19.6466444147645
19.0775462461047
19.5036100540719
20.9567260316673
21.8528593462252
19.7901851300199
20.0787851687159
22.4603768238061
19.0775462461047
21.4025201167581
18.5165571285059
18.9365384527054
19.9342320858494
19.3610821623856
20.9567260316673
19.6466444147645
19.9342320858494
21.2534169268839
20.0787851687159
34.0173860200522
24.4904949443811
23.5429424854042
33.8306838758811
38.0530014900617
21.1048188619791
23.2311188023189
24.4904949443811
26.2746814811007
29.8493620172354
21.2534169268839
22.1556091329871
21.8528593462252
22.0039819480705
21.2534169268839
19.2190608546084
21.1048188619791
21.1048188619791
18.5165571285059
19.0775462461047
28.978221662872
24.8103701711662
23.0759625140682
19.3610821623856
30.0250899930256
23.8567802856123
19.7901851300199
22.9213100671018
26.7718215949809
29.4994056966062
26.9385381584926
27.2734754956384
23.2311188023189
20.6620565154288
25.9457636893239
20.3694092636501
25.2939531107912
22.767161566216
19.7901851300199
21.1048188619791
22.1556091329871
20.3694092636501
19.7901851300199
20.2238442655309
19.5036100540719
19.3610821623856
20.6620565154288
19.0775462461047
19.9342320858494
19.7901851300199
30.911224405961
27.7796405921076
31.9910618597697
29.8493620172354
24.3313116530436
23.3867788274415
27.105756157365
20.3694092636501
21.8528593462252
20.3694092636501
19.5036100540719
19.3610821623856
21.5521283223972
21.1048188619791
19.6466444147645
21.5521283223972
20.8091385459938
18.9365384527054
22.0039819480705
20.0787851687159
23.5429424854042
22.4603768238061
26.7718215949809
25.2939531107912
26.4398931595072
24.6501811507815
22.4603768238061
18.5165571285059
19.6466444147645
22.3077407938177
21.1048188619791
21.4025201167581
21.1048188619791
22.767161566216
20.6620565154288
18.9365384527054
19.9342320858494
19.5036100540719
21.1048188619791
23.2311188023189
20.8091385459938
22.3077407938177
22.6135171165935
22.767161566216
22.6135171165935
19.9342320858494
19.3610821623856
19.2190608546084
20.6620565154288
22.4603768238061
25.2939531107912
26.6056065631148
23.3867788274415
21.5521283223972
20.6620565154288
23.3867788274415
22.3077407938177
20.0787851687159
20.515480050871
21.2534169268839
33.4587734169964
30.555272094335
29.8493620172354
30.0250899930256
27.7796405921076
29.4994056966062
34.0173860200522
35.3382355574861
33.6444796465292
60.2598425640946
23.0759625140682
22.1556091329871
23.5429424854042
21.1048188619791
20.0787851687159
20.3694092636501
20.515480050871
21.4025201167581
20.8091385459938
19.7901851300199
30.911224405961
30.3780451218768
27.4416960776767
24.9710619048143
19.5036100540719
22.0039819480705
28.290314319449
24.6501811507815
24.1726313782078
22.1556091329871
34.0173860200522
24.6501811507815
19.9342320858494
24.3313116530436
24.3313116530436
28.978221662872
34.3922837141284
36.2966185104599
36.8776109304714
26.9385381584926
30.555272094335
21.1048188619791
22.6135171165935
23.3867788274415
24.1726313782078
22.1556091329871
22.0039819480705
22.767161566216
22.9213100671018
24.6501811507815
23.0759625140682
23.3867788274415
24.1726313782078
26.6056065631148
23.8567802856123
23.6996096725537
22.4603768238061
23.2311188023189
21.2534169268839
32.172780999577
23.8567802856123
21.7022414350117
21.5521283223972
21.2534169268839
21.1048188619791
22.767161566216
20.8091385459938
20.515480050871
19.3610821623856
22.4603768238061
32.5377152597016
29.1514494922333
26.4398931595072
27.4416960776767
20.2238442655309
29.8493620172354
35.148050368298
25.1322562513602
19.9342320858494
32.3549988285876
34.2045859942981
27.2734754956384
23.5429424854042
23.0759625140682
23.3867788274415
24.1726313782078
24.9710619048143
24.4904949443811
23.3867788274415
23.0759625140682
22.0039819480705
22.9213100671018
23.8567802856123
24.9710619048143
22.9213100671018
22.767161566216
29.8493620172354
21.1048188619791
22.4603768238061
22.6135171165935
26.10997162517
22.767161566216
21.1048188619791
24.4904949443811
20.8091385459938
22.3077407938177
20.3694092636501
22.0039819480705
22.0039819480705
22.0039819480705
32.3549988285876
25.4561523834447
24.9710619048143
26.10997162517
26.10997162517
21.5521283223972
22.6135171165935
24.4904949443811
21.4025201167581
23.0759625140682
19.9342320858494
21.2534169268839
19.5036100540719
21.2534169268839
22.1556091329871
23.6996096725537
21.7022414350117
22.1556091329871
22.1556091329871
22.0039819480705
25.9457636893239
27.610417808165
23.3867788274415
23.0759625140682
22.9213100671018
20.515480050871
20.2238442655309
24.3313116530436
22.767161566216
22.767161566216
21.2534169268839
21.2534169268839
21.2534169268839
20.6620565154288
22.1556091329871
23.8567802856123
22.0039819480705
25.782057771508
22.767161566216
24.9710619048143
22.9213100671018
27.105756157365
27.2734754956384
25.2939531107912
21.5521283223972
29.4994056966062
25.9457636893239
27.4416960776767
22.6135171165935
19.5036100540719
26.4398931595072
26.7718215949809
26.9385381584926
20.0787851687159
23.5429424854042
22.6135171165935
30.732998552225
23.8567802856123
21.8528593462252
27.7796405921076
26.6056065631148
24.9710619048143
23.3867788274415
23.3867788274415
22.0039819480705
21.5521283223972
22.1556091329871
22.3077407938177
20.3694092636501
21.8528593462252
26.6056065631148
24.9710619048143
23.3867788274415
23.3867788274415
22.0039819480705
21.5521283223972
22.1556091329871
22.3077407938177
20.3694092636501
21.8528593462252
38.4487680519219
43.3525245678153
31.6291199975138
31.9910618597697
31.0899495662399
27.2734754956384
22.9213100671018
21.5521283223972
28.1195889419566
30.2013177247213
38.4487680519219
43.3525245678153
31.6291199975138
31.9910618597697
31.0899495662399
27.2734754956384
22.9213100671018
21.5521283223972
28.1195889419566
30.2013177247213